1 5
1 6
2 5
2 6
11 5
11 6
11 7
12 4
12 8
13 3
13 9
14 3
14 9
15 6
16 4
16 8
17 5
17 6
17 7
18 6
21 3
21 4
21 5
22 3
22 4
22 5
23 2
23 6
25 1
25 2
25 6
25 7
35 3
35 4
36 3
36 4
42 8
43 8
44 8
48 8
49 8
50 8
40 10
45 10
47 10
52 10
40 11
45 11
47 11
52 11
40 12
45 12
47 12
52 12
42 13
43 13
44 13
48 13
49 13
50 13
42 15
43 15
44 15
48 15
49 15
50 15
40 16
45 16
47 16
52 16
40 17
45 17
47 17
52 17
40 18
45 18
47 18
52 18
42 20
43 20
44 20
48 20
49 20
50 20
10 40
11 40
14 40
10 41
10 42
14 42
10 43
11 43
12 43
13 43
12 44
12 45